0	0.999999999999978	0.999999999999978	0.999999660287091	0.999999999999978	10.8744999417253	10.8686993251516	9.87039925507582	11.1543996053022	10.0781080573373
0.100000000000000	0.999870953545696	0.999864868994690	0.999741217145498	0.999788698094694	10.8864939906681	10.8806106743915	9.88272411187653	11.1666260858386	10.0903810809259
0.200000000000000	0.999499277311991	0.999479476477580	0.998994926170727	0.999167990795273	10.8975101920141	10.8914037753218	9.89467373686972	11.1782953155864	10.1021950173112
0.300000000000000	0.998905429197172	0.998863792068364	0.997803109536616	0.998155755420802	10.9075933933606	10.9011432048609	9.90621255507091	11.1893999592099	10.1135355248421
0.400000000000000	0.998106698971298	0.998037315096322	0.996202057913980	0.996767608174500	10.9167809693563	10.9098887952696	9.91730466287762	11.1999392970859	10.1243750966064
0.500000000000000	0.997117766777250	0.997015843607858	0.994224670841607	0.995017121308441	10.9251034369612	10.9176875633715	9.92791209589262	11.2099161527491	10.1346697863630
0.600000000000000	0.995951060645956	0.995812662945150	0.991899821066689	0.992915810888563	10.9325856670392	10.9245774907563	9.93799870260979	11.2193318405760	10.1443693525116
0.700000000000000	0.994617109093149	0.994438944711751	0.989252225803828	0.990473182449388	10.9392470805768	10.9305883530330	9.94753346341379	11.2281823395944	10.1534258560376
0.800000000000000	0.993124856806250	0.992904102847763	0.986303435145198	0.987697053541653	10.9451021721648	10.9357424409357	9.95648953137711	11.2364583556227	10.1617922580871
0.900000000000000	0.991481853958316	0.991216015201008	0.983071799515732	0.984593636078482	10.9501617414348	10.9400558193789	9.96484507769946	11.2441417201337	10.1694219871931
1	0.989694359069878	0.989381183383502	0.979572498481805	0.981167537363645	10.9544340447936	10.9435397434278	9.97258420783559	11.2512003469318	10.1762900157244
1.10000000000000	0.987767691332187	0.987405140534340	0.975819206059692	0.977422646458917	10.9579232522966	10.9462005747371	9.97969198018522	11.2575993933676	10.1824024103928
1.20000000000000	0.985705847468225	0.985292072675175	0.971820918268898	0.973360330405002	10.9606343269121	10.9480427069481	9.98616867449834	11.2632684470995	10.1877454412175
1.30000000000000	0.983513631461788	0.983046986057372	0.967593553493721	0.968986193621811	10.9625574301349	10.9490605601328	9.99198490873628	11.2682131558396	10.1923496754432
1.40000000000000	0.981194401906206	0.980673418234785	0.963145423003288	0.964301844697767	10.9636880331920	10.9492497544381	9.99714127264103	11.2723752480637	10.1961969613058
1.50000000000000	0.978751488714522	0.978174777260261	0.958486367053625	0.959310457253022	10.9640189755419	10.9486023257956	10.0016270540089	11.2757129648958	10.1992786689996
1.60000000000000	0.976189739828142	0.975556144848561	0.953635747019795	0.954019947977179	10.9635285347077	10.9470994460279	10.0053878880295	11.2782805244622	10.2016111706341
1.70000000000000	0.973506863738519	0.972815130669341	0.948575989841273	0.948418003911941	10.9622496720785	10.9447464051591	10.0085232643787	11.2797500462075	10.2031117322788
1.80000000000000	0.970714159601620	0.969962518625119	0.943351097821818	0.942530608039451	10.9601165080987	10.9414931269999	10.0108847515973	11.2804714757632	10.2038743747625
1.90000000000000	0.967816584537727	0.967003262690792	0.937975219039313	0.936366568179285	10.9571148763839	10.9373244858186	10.0124537272617	11.2804810412158	10.2038715152538
2	0.964804871881773	0.963929443754294	0.932405789656373	0.929897070060021	10.9533099519450	10.9322629765456	10.0134155705760	11.2791363775284	10.2029902534648
2.10000000000000	0.961688711325070	0.960749704568625	0.926678938951035	0.923145019841881	10.9486680120983	10.9262634746347	10.0136481359572	11.2766864062478	10.2012645228831
2.20000000000000	0.958488068749934	0.957482522789276	0.920860849087322	0.916158493134947	10.9430930223535	10.9192541340875	10.0129289478693	11.2737947972626	10.1987139839716
2.30000000000000	0.955184166685285	0.954115949347525	0.914898801756091	0.908898498756810	10.9366491395756	10.9113548966876	10.0114512856044	11.2695465822629	10.1952448257235
2.40000000000000	0.951747986785914	0.950628766349062	0.908714937531748	0.901302940962558	10.9294598872431	10.9026947758769	10.0094823448385	11.2626318599170	10.1908248447207
2.50000000000000	0.948205811436922	0.947043012502942	0.902381793448399	0.893428449260995	10.9214311334750	10.8931592794791	10.0068090011903	11.2538726722912	10.1855427794116
2.60000000000000	0.944596444875702	0.943392340585905	0.896006107410462	0.885360756890825	10.9123924083953	10.8826407894284	10.0031128057445	11.2445556647037	10.1794199499357
2.70000000000000	0.940914882969769	0.939673915511990	0.889563001329186	0.877087125473726	10.9024073363289	10.8711726507381	9.99852552564369	11.2341908067170	10.1724498769430
2.80000000000000	0.937163651351921	0.935891067940062	0.883045905548717	0.868612676427536	10.8915074478385	10.8587703054572	9.99310505631172	11.2225894423838	10.1646477720286
2.90000000000000	0.934019258411116	0.932578174760679	0.879062907332712	0.861740426077414	10.8771356939080	10.8433726484236	9.97591414409519	11.2378188979651	10.1510797227673
3	0.930476069563093	0.928949179550771	0.873597722813987	0.853830248671432	10.8633723178901	10.8282813700512	9.96420098141976	11.2369464086695	10.1391760453360
3.10000000000000	0.926864189639537	0.925264207847901	0.867929054079302	0.845707615423565	10.8488814583148	10.8124673949834	9.95267413963124	11.2335111064793	10.1268286081202
3.20000000000000	0.923164125141340	0.921508320790293	0.862050897432276	0.837314938048603	10.8337949838396	10.7959550741981	9.94124674819133	11.2265311744102	10.1140330666350
3.30000000000000	0.919357306508607	0.917668958072686	0.855950713838685	0.828591675592205	10.8182072016575	10.7787822977107	9.92985043286573	11.2150429285237	10.1007102667877
3.40000000000000	0.915506043946109	0.913799712431929	0.849786406577425	0.819705807511389	10.8018925392889	10.7608944903254	9.91798068743895	11.2013247747731	10.0867213064374
3.50000000000000	0.911655586753479	0.909938576920340	0.843669436039063	0.810784597822858	10.7847827577129	10.7422146311541	9.90531848477547	11.1869214691676	10.0719771887655
3.60000000000000	0.909452419769383	0.907382212076525	0.842925141170715	0.807797743343785	10.7625835519843	10.7194033775852	9.87222010177689	11.2467149894368	10.0450284221060
3.70000000000000	0.906462594772657	0.904236523336244	0.839755899406387	0.802685737668276	10.7420934444709	10.6981927113363	9.84790750327385	11.2737811575847	10.0256619333459
3.80000000000000	0.902651465308933	0.900437298323862	0.834023469503933	0.793881864862692	10.7229456614152	10.6779371387081	9.83253114951940	11.2571761252290	10.0132050532156
3.90000000000000	0.898838353211564	0.896650480888470	0.828281555373093	0.784962341375459	10.7032612483144	10.6570810740624	9.81675855637819	11.2383098426428	9.99992378508046
4	0.895041941127611	0.892892837481235	0.822587446876437	0.776003566201000	10.6830233878396	10.6356635220734	9.80038967294781	11.2179232764266	9.98580119436661
4.10000000000000	0.891269051668446	0.889171505894999	0.816922964437189	0.767014801102062	10.6622632452669	10.6137342680348	9.78361474407780	11.1960189992787	9.97072806308903
4.20000000000000	0.887530497709339	0.885495572194597	0.811329517666692	0.758040107109461	10.6409831757445	10.5913421674864	9.76626409358497	11.1729910383264	9.95527775067635
4.30000000000000	0.883831935156852	0.881870295813188	0.805801586549586	0.749091060583423	10.6192176935716	10.5685304566661	9.74843225615412	11.1488804441912	9.93916694278023
4.40000000000000	0.880177298181755	0.878299232933489	0.800345793242555	0.740178462368218	10.5970032304428	10.5453345883639	9.73011742407977	11.1237231515835	9.92252901217193
4.50000000000000	0.876569289462216	0.874785792496148	0.794951387647576	0.731307131785556	10.5743936014334	10.5217741042165	9.71142172095715	11.0974917782916	9.90524946677023
4.60000000000000	0.873012426095660	0.871334564414319	0.789615952265729	0.722492572352225	10.5514300575542	10.4978682052830	9.69241040387409	11.0703006062437	9.88715774996903
4.70000000000000	0.869534613789579	0.867957389057278	0.784590429363590	0.713865825046418	10.5279438874535	10.4737742009030	9.67176476998126	11.0436266451886	9.86974410864590
4.80000000000000	0.866127327210289	0.864652016180308	0.779783163090709	0.705377700672207	10.5040804248679	10.4494599888813	9.65003208738173	11.0167895085270	9.85301069939326
4.90000000000000	0.862793825644232	0.861422100782563	0.775072670709709	0.697014802883879	10.4798996567508	10.4249604012275	9.62800921001120	10.9896624792855	9.83599598322131
5	0.859526554019640	0.858264844924598	0.770416101926819	0.688749863572074	10.4554920399480	10.4002498381784	9.60590604400345	10.9618927697639	9.81842479061212
5.10000000000000	0.856335010425307	0.855183288436701	0.765876604657527	0.680621035954403	10.4308236665368	10.3753973684399	9.58342006388688	10.9339389749909	9.80013659415706
5.20000000000000	0.853199992586996	0.852173168086298	0.761394704862042	0.672577054905372	10.4060675061395	10.3502818388954	9.56079862284064	10.9050661407017	9.78122704050765
5.30000000000000	0.850124422482951	0.849236450551788	0.756984025072046	0.664634462595530	10.3812232049667	10.3249423085068	9.53799817703109	10.8754653630344	9.76160562921594
5.40000000000000	0.847117195601401	0.846373469679254	0.752649399935588	0.656813840557634	10.3562324944109	10.2994844466079	9.51504862205574	10.8454829336965	9.74160428131333
5.50000000000000	0.844180807098231	0.843584243818148	0.748407091116631	0.649127070746855	10.3310982122175	10.2739406903506	9.49188435767217	10.8152720032881	9.72133803318591
5.60000000000000	0.841312661057151	0.840865883578267	0.744229782168125	0.641564193789390	10.3058418039245	10.2483317635638	9.46865035026778	10.7847508842055	9.70056462672070
5.70000000000000	0.838516172114149	0.838219655060077	0.740152512609994	0.634141551927567	10.2804691467535	10.2226724722921	9.44518387988737	10.7541390031887	9.67944821964053
5.80000000000000	0.835793369262928	0.835646923389432	0.736196652175054	0.626875048419642	10.2549988573769	10.1969712263902	9.42140061984836	10.7236102185960	9.65821390435694
5.90000000000000	0.833137508339458	0.833141807786912	0.732286156145554	0.619733693031445	10.2294539747985	10.1712478488730	9.39767955966476	10.6928856817428	9.63669286630506
6	0.830535826057309	0.830696944954282	0.728349978009235	0.612680956893848	10.2038796271185	10.1454846512141	9.37433117401899	10.6615394115391	9.61459438782274
6.10000000000000	0.828004328680341	0.828319682776933	0.724520313283721	0.605776271562494	10.1782376692974	10.1197171801749	9.35074553424547	10.6303189879206	9.59247785427336
6.20000000000000	0.825536999307176	0.826006014275767	0.720786272158656	0.599010758881382	10.1525502008327	10.0939475810084	9.32696069720626	10.5990895011587	9.57045875595635
6.30000000000000	0.823126056243269	0.823751212906308	0.717100341259178	0.592357632508256	10.1268518175200	10.0681637606754	9.30318788667656	10.5675673458073	9.54835171031886
6.40000000000000	0.820761884958383	0.821551248594107	0.713418551171214	0.585798847589319	10.1011674835812	10.0423477768033	9.27961246879871	10.5355172661291	9.52598801959434
6.50000000000000	0.818448316145090	0.819405909805813	0.709751842506692	0.579348170531677	10.0754855745468	10.0165268177058	9.25620288901278	10.5031749441684	9.50329905338898
6.60000000000000	0.816198448947805	0.817318739131946	0.706179814851141	0.573034528862365	10.0497706877858	9.99074535906815	9.23261565378458	10.4710268767756	9.48071665429354
6.70000000000000	0.814011300338097	0.815287936799611	0.702708917459704	0.566864818871488	10.0240299933167	9.96501230677224	9.20882479005223	10.4391311925158	9.45835300120405
6.80000000000000	0.811877937599283	0.813308050513826	0.699296303833864	0.560812014685865	9.99828371761964	9.93931678602498	9.18500404752103	10.4071955745206	9.43607500850668
6.90000000000000	0.809795123639415	0.811376686574512	0.695931548380105	0.554867308910682	9.97254147823559	9.91365481621605	9.16119284715366	10.3751575934709	9.41378797907727
7	0.807769148748765	0.809494622367371	0.692648017043732	0.549049147995301	9.94678834410229	9.88805352000265	9.13726014619359	10.3432948525318	9.39140974856190
7.10000000000000	0.805801019342283	0.807661499367279	0.689461526985245	0.543358422443276	9.92102674299363	9.86251772953406	9.11313848594894	10.3116839957501	9.36898637361995
7.20000000000000	0.803896144980650	0.805878610312145	0.686410239037275	0.537806122087763	9.89525024397176	9.83706405577618	9.08867267803473	10.2805375209106	9.34663579756818
7.30000000000000	0.802039469554098	0.804143246862046	0.683438240846836	0.532370148706523	9.86951032975543	9.81163643175593	9.06408879685123	10.2494847258651	9.32450547552780
7.40000000000000	0.800221167158077	0.802454321169110	0.680493292823634	0.527039132833242	9.84383986980519	9.78619812667361	9.03961583232377	10.2183424013969	9.30248142355389
7.50000000000000	0.798443502485091	0.800810363023085	0.677584739539298	0.521815530612610	9.81822511803850	9.76076999717973	9.01521615885844	10.1872135080086	9.28045257554836
7.60000000000000	0.796711430271002	0.799210703870420	0.674737904506713	0.516705030549102	9.79264824613818	9.73537922725813	8.99078596768642	10.1562661373578	9.25837902464531
7.70000000000000	0.795026428556376	0.797653736928733	0.671963829086820	0.511707405687648	9.76710067150022	9.71004073288267	8.96627703530276	10.1255614751291	9.23624223291480
7.80000000000000	0.793395793025408	0.796138837061695	0.669299463210514	0.506833822107012	9.74156150130150	9.68479051079423	8.94154035013606	10.0953291290411	9.21402880622215
7.90000000000000	0.791821010847322	0.794665545539700	0.666752504699360	0.502073256165497	9.71602799145395	9.65963405070305	8.91654773313376	10.0655707126850	9.19171739541496
8	0.790273255971131	0.793227775843278	0.664198107835497	0.497397172935240	9.69056912160110	9.63447638144626	8.89178891608171	10.0356340008753	9.16931955037132
8.10000000000000	0.788750043157410	0.791824080891589	0.661629628804203	0.492799960912120	9.66518432086828	9.60931345414598	8.86728320488259	10.0054831309116	9.14683416930253
8.20000000000000	0.787260203582937	0.790454538312188	0.659089992196264	0.488291027315360	9.63984751668083	9.58418287664225	8.84285658193511	9.97536671479623	9.12424349930610
8.30000000000000	0.785810293228986	0.789118613487238	0.656613061414995	0.483876091560716	9.61453891574508	9.55911475620608	8.81837112968191	9.94546633586234	9.10155081831072
8.40000000000000	0.784405101869472	0.787815775813064	0.654224488880660	0.479558785375647	9.58924814603515	9.53412886262613	8.79372220266624	9.91590385403550	9.07881264654561
8.50000000000000	0.783043024870926	0.786544572372512	0.651925252881935	0.475334694270728	9.56397565156163	9.50922450963436	8.76890129027485	9.88665689437844	9.05606262753933
8.60000000000000	0.781722092055232	0.785301223813012	0.649704387513342	0.471196218035234	9.53871617159361	9.48440864146796	8.74394358633552	9.85765176718027	9.03323154730383
8.70000000000000	0.780429913234784	0.784078928701542	0.647502095157017	0.467122284366642	9.51347924052512	9.45965641305568	8.71906810161937	9.82854840531572	9.01024824061661
8.80000000000000	0.779159086152793	0.782872019543342	0.645293088474716	0.463098240054491	9.48826404545458	9.43495799147895	8.69434634397211	9.79913181399637	8.98718973121256
8.90000000000000	0.777928787559738	0.781676370104164	0.643175702835651	0.459132518293696	9.46300954596350	9.41040058829129	8.66936963878993	9.76973185517500	8.96415203918460
9	0.776749135378163	0.780492746572394	0.641199992032120	0.455235203669457	9.43770180127423	9.38601842055121	8.64393873674713	9.74060308513158	8.94119063631445
9.10000000000000	0.775580735266891	0.779345471730720	0.639195827488384	0.451417397168387	9.41251911056117	9.36156514691505	8.61882447424740	9.71141277816019	8.91828813164591
9.20000000000000	0.774422026787827	0.778240133156412	0.637147571053251	0.447686246131851	9.38747911052166	9.33701889516095	8.59411597883083	9.68228084093477	8.89535523365633
9.30000000000000	0.773283002434574	0.777168409146806	0.635095525878386	0.444035032421485	9.36252751688652	9.31245177862228	8.56962453585289	9.65329537303112	8.87230916190644
9.40000000000000	0.772161434689701	0.776124767003919	0.633034016251688	0.440453616181080	9.33764887204520	9.28787612870587	8.54534849366842	9.62434384378894	8.84910873948353
9.50000000000000	0.771056703350166	0.775106760946251	0.630971015363504	0.436938323592058	9.31283494382999	9.26329853709879	8.52124003535969	9.59539750453939	8.82579208103950
9.60000000000000	0.769974151705363	0.774112432792902	0.628941646009040	0.433489200516674	9.28806720108365	9.23874586742354	8.49714700661054	9.56654286435974	8.80247952676735
9.70000000000000	0.768916249242249	0.773139848255704	0.626963969226786	0.430106355430823	9.26333479457995	9.21423411771539	8.47298931441540	9.53782004723649	8.77927982241667
9.80000000000000	0.767879187137980	0.772188245631374	0.625022096862404	0.426785038341052	9.23864284947885	9.18975158358519	8.44882661441207	9.50916015768483	8.75618612928468
9.90000000000000	0.766860522590237	0.771257125020636	0.623104166859023	0.423524061470391	9.21399454629475	9.16529112258446	8.42470565646157	9.48053895923223	8.73313599652878
10	0.765860310252131	0.770345804213543	0.621208260762705	0.420321794095063	9.18938727286314	9.14085511615717	8.40063345033144	9.45196768126371	8.71007641554264
10.1000000000000	0.764878606248870	0.769453746043676	0.619331816803710	0.417177074389215	9.16481908843721	9.11644542376256	8.37662050103160	9.42346090505499	8.68696983786872
10.2000000000000	0.763913565764998	0.768580569576262	0.617466158391061	0.414088071371026	9.14029192967266	9.09205634973410	8.35269967549188	9.39499974458558	8.66380229450671
10.3000000000000	0.762965295580648	0.767725956370279	0.615614547785210	0.411054154715836	9.11580424685027	9.06768899212650	8.32885557384843	9.36659981158614	8.64058995093583
10.4000000000000	0.762037392206620	0.766889180959721	0.613799960854510	0.408074793566251	9.09134729797164	9.04335792515947	8.30499246620295	9.33832226909495	8.61738594717946
10.5000000000000	0.761134627247180	0.766068901452386	0.612053174321307	0.405150503568013	9.06690960991363	9.01908390846852	8.28098195744263	9.31024164608177	8.59426057494756
10.6000000000000	0.760260458510604	0.765263979764396	0.610395937537914	0.402278912611033	9.04248273644012	8.99488131335754	8.25673429756264	9.28239521538453	8.57125056115464
10.7000000000000	0.759416815933876	0.764473961538339	0.608837133653434	0.399461033744339	9.01806400876739	8.97075843250450	8.23221570537224	9.25483028228884	8.54835150686306
10.8000000000000	0.758601427458852	0.763699528821549	0.607364627632377	0.396696172829323	8.99366038032505	8.94670471134963	8.20747912529622	9.22753069089185	8.52554026397776
10.9000000000000	0.757805986079616	0.762941408839737	0.605938236832133	0.393982166172558	8.96928783086442	8.92268879253274	8.18268468508644	9.20038506091786	8.50277994100606
11	0.757018078892754	0.762198909616934	0.604500917984763	0.391313701989744	8.94496318509049	8.89866917705707	8.15804902944947	9.17319024206875	8.48003154544850
11.1000000000000	0.756239258694442	0.761471095413638	0.603057693278616	0.388689547650928	8.92068032680949	8.87465386786734	8.13354992374794	9.14597308601454	8.45728177712110
11.2000000000000	0.755474248064669	0.760757308934105	0.601629244417867	0.386109830859426	8.89642976485801	8.85066100808553	8.10910582119365	9.11881525193543	8.43453301966139
11.3000000000000	0.754726377735082	0.760057599580139	0.600231240738781	0.383574579043304	8.87220673337415	8.82670186151550	8.08465652034776	9.09178382484297	8.41179192262967
11.4000000000000	0.753998129307419	0.759373131033382	0.598876416178527	0.381084443202171	8.84801007645870	8.80278076992900	8.06015778884486	9.06493280822287	8.38906285753463
11.5000000000000	0.753290897629970	0.758703788020610	0.597571157194585	0.378640712995340	8.82383905007674	8.77890411011024	8.03558467180212	9.03831486553111	8.36634930761202
11.6000000000000	0.752606642296956	0.758048216362151	0.596333147648758	0.376241276844294	8.79968079151064	8.75508914996460	8.01086593530604	9.01198095466548	8.34364769314168
11.7000000000000	0.751958608146346	0.757403217326823	0.595182286295528	0.373883620810556	8.77552703900761	8.73136477152236	7.98592021618472	8.98597955555664	8.32095202292646
11.8000000000000	0.751331229876345	0.756767758581779	0.594081841960361	0.371563129921359	8.75137893462461	8.70770338018429	7.96088102107587	8.96017130145317	8.29823900259467
11.9000000000000	0.750718034235799	0.756143863634871	0.592999267941839	0.369281048488776	8.72725761883475	8.68407023175633	7.93587571229061	8.93446117404918	8.27550683427306
12	0.750115983308613	0.755533597988272	0.591930987681399	0.367035279006220	8.70317133250579	8.66044857575904	7.91091862978718	8.90881442033964	8.25276932553872
12.1000000000000	0.749517490072831	0.754935872125379	0.590852799498806	0.364826843323207	8.67912802061446	8.63681724217640	7.88609306691780	8.88312650572928	8.23003161887490
12.2000000000000	0.748917331562044	0.754348826421468	0.589743152080249	0.362650373251456	8.65512772267837	8.61316264289849	7.86147233172645	8.85728031806300	8.20728083417039
12.3000000000000	0.748321469529812	0.753771461651282	0.588621450243190	0.360505644042513	8.63115932149731	8.58950745350681	7.83698260416961	8.83136882948341	8.18450716521649
12.4000000000000	0.747736939926475	0.753203626679193	0.587510107106404	0.358393434582008	8.60721292941039	8.56587514358177	7.81254260020472	8.80551098219324	8.16169325446717
12.5000000000000	0.747160919321280	0.752645023112283	0.586392765504077	0.356311668123724	8.58329122564362	8.54225702582481	7.78821566226837	8.77966636041507	8.13881131606399
12.6000000000000	0.746585710010840	0.752095519662219	0.585238854613286	0.354258224600331	8.55940281940634	8.51862789977339	7.76411316746057	8.75372082057316	8.11585354903130
12.7000000000000	0.746009519650073	0.751555265304894	0.584049449979158	0.352232535132973	8.53554928872502	8.49498110336235	7.74022638059651	8.72764964052578	8.09284696068488
12.8000000000000	0.745435733711421	0.751024453972331	0.582847564753051	0.350236117559743	8.51172656793714	8.47132757147066	7.71646381691404	8.70151725406396	8.06983346900115
12.9000000000000	0.744868435929882	0.750503322154607	0.581657264081320	0.348269942835597	8.48793007834192	8.44768026473171	7.69273169430202	8.67539536129483	8.04685131531182
13	0.744310271806485	0.749991919116171	0.580493575911788	0.346334737327822	8.46415681187133	8.42404789310117	7.66897171583501	8.64933276298455	8.02392458827267
13.1000000000000	0.743762462898395	0.749490064407156	0.579362206233511	0.344430201654111	8.44040483338524	8.40043489890539	7.64516167371516	8.62335117849907	8.00105929675931
13.2000000000000	0.743225505175840	0.748997362076505	0.578263703967375	0.342555608684737	8.41667246656769	8.37684370770975	7.62129894154935	8.59745801866606	7.97825006766358
13.3000000000000	0.742699933585800	0.748513236522301	0.577198168546445	0.340709956892905	8.39295761203896	8.35327725972218	7.59738232303095	8.57165853839391	7.95548844967341
13.4000000000000	0.742186459138322	0.748036999630027	0.576166753385738	0.338892172521895	8.36925769674376	8.32973909895996	7.57340613129806	8.54595784934929	7.93276736321016
13.5000000000000	0.741686255429329	0.747567838201562	0.575173150155025	0.337101167724438	8.34556940900337	8.30623451518777	7.54935415549959	8.52036582460011	7.91008205294447
13.6000000000000	0.741201602039312	0.747104850987410	0.574227035742062	0.335336016022678	8.32188816163730	8.28277237642503	7.52518694132464	8.49490641665416	7.88743046847370
13.7000000000000	0.740735485949019	0.746647153884162	0.573342620842076	0.333596079286005	8.29820889668927	8.25936371192629	7.50084733545918	8.46961383678761	7.86481297213263
13.8000000000000	0.740288904701757	0.746194286108615	0.572526198800380	0.331881053930202	8.27453014325947	8.23601252186727	7.47630971076188	8.44450122519209	7.84222869920690
13.9000000000000	0.739852330706181	0.745746981538418	0.571733703121443	0.330189932161628	8.25086193519065	8.21268532698007	7.45174091078225	8.41943895391177	7.81965918222121
14	0.739412213972961	0.745306834866487	0.570900319875645	0.328521393121964	8.22722559545175	8.18933817479797	7.42739578002825	8.39426038625710	7.79708379585997
14.1000000000000	0.738967665827817	0.744874636289612	0.570021143033551	0.326875470285604	8.20361982730690	8.16596498194604	7.40329277157479	8.36897188307760	7.77449690941489
14.2000000000000	0.738524016363446	0.744450571803280	0.569121444836286	0.325252483878568	8.18004030616072	8.14258288503669	7.37933681377602	8.34365685286927	7.75190549602526
14.3000000000000	0.738085693286625	0.744034121418797	0.568223260927030	0.323652692022235	8.15648126141898	8.11920716318206	7.35544137771384	8.31837838694950	7.72931411351111
14.4000000000000	0.737655166151684	0.743624801998291	0.567339878812801	0.322075753388771	8.13293895699791	8.09584647038346	7.33155338375864	8.29316761137188	7.70672402741275
14.5000000000000	0.737232528137340	0.743222273088434	0.566472709579695	0.320521210840928	8.10941350903520	8.07250148398817	7.30766613426441	8.26802395712621	7.68413463741532
14.6000000000000	0.736816434633691	0.742824837180307	0.565615276555522	0.318988344199387	8.08590832616896	8.04916701284041	7.28380438265032	8.24292555926755	7.66154564387185
14.7000000000000	0.736403991191865	0.742437252122912	0.564763511962608	0.317483178617736	8.06241296830918	8.02583957817462	7.25997560774807	8.21787670316452	7.63895036483566
14.8000000000000	0.735997788066085	0.742054813764568	0.563919271006958	0.315986873967392	8.03893794999557	8.00251904600757	7.23617594248359	8.19281206298168	7.61635342884331
14.9000000000000	0.735596293967136	0.741678214463130	0.563086710308630	0.314530796014591	8.01548221005607	7.97920958360115	7.21239329442968	8.16786999000859	7.59375978722869
15	0.735202244928768	0.741308879741414	0.562268985368389	0.313066621929212	7.99203802789570	7.95590847430421	7.18860139181747	8.14285568600677	7.57115932610289